Webots Project File version R2023b
perspectives: 000000ff00000000fd00000003000000000000000000000000fc0100000002fc00000000ffffffff0000000000fffffffc0200000001fb00000012005300630065006e0065005400720065006501000000000000039f0000000000000000fb0000001a0044006f00630075006d0065006e0074006100740069006f006e0000000000ffffffff00000000000000000000000100000239000003acfc0200000001fb0000001400540065007800740045006400690074006f0072000000001a000003ac0000004200ffffff00000003000007800000003afc0100000002fb0000000e0043006f006e0073006f006c006501000000000000073f0000000000000000fb0000001a0043006f006e0073006f006c00650041006c006c0041006c006c010000000000000780000000000000000000000780000003ac00000004000000040000000100000008fc00000000
simulationViewPerspectives: 000000ff000000010000000200000109000001750100000002010000000101
sceneTreePerspectives: 000000ff00000001000000030000002200000186000001870100000002010000000201
minimizedPerspectives: 000000ff00000000fd00000003000000000000000000000000fc0100000002fc00000000ffffffff0000000000fffffffc0200000001fb00000012005300630065006e0065005400720065006501000000000000039f0000000000000000fb0000001a0044006f00630075006d0065006e0074006100740069006f006e0000000000ffffffff000000000000000000000001000001db000002d0fc0200000001fb0000001400540065007800740045006400690074006f0072000000001a000002d00000004200ffffff00000003000007800000003afc0100000002fb0000000e0043006f006e0073006f006c006501000000000000073f0000000000000000fb0000001a0043006f006e0073006f006c00650041006c006c0041006c006c0100000000000007800000006900ffffff000007800000037000000004000000040000000100000008fc00000000
maximizedDockId: -1
centralWidgetVisible: 1
orthographicViewHeight: 1
textFiles: 0 "../../../../../../../../Program Files/Webots/projects/vehicles/controllers/enable_all_lidars/enable_all_lidars.py" "../../../../../../../../Program Files/Webots/projects/vehicles/controllers/highway_overtake/highway_overtake.py" "../../../../../../../../Program Files/Webots/projects/default/controllers/sumo_supervisor/sumo_supervisor.py" "../../../../../../../../Program Files/Webots/projects/vehicles/controllers/vehicle_driver/vehicle_driver.py" "../../../../../../../../Program Files/Webots/projects/vehicles/controllers/boomer/boomer.c" "protos/BmwX5.proto"
renderingDevicePerspectives: Pioneer 3-AT:camera;1;0.197656;0;0
renderingDevicePerspectives: cctv_camera:cctv_robot:cctv_camera;1;0.0921875;0;0
renderingDevicePerspectives: cctv_camera_base:Pioneer 3-AT:camera;1;0.598437;0;0
renderingDevicePerspectives: cctv_camera_base:Pioneer 3-AT:cctv_camera;1;0.197656;0;0
renderingDevicePerspectives: cctv_robot:cctv_camera;1;0.2125;0;0
renderingDevicePerspectives: not_parked_vehicle:camera;1;1;0;0
renderingDevicePerspectives: not_parked_vehicle:tesla_camera;1;0.598437;0;0
renderingDevicePerspectives: pioneer:camera;1;0.0921875;0;0
renderingDevicePerspectives: traffic light big pole:Pioneer 3-AT:camera;1;1;0;0
renderingDevicePerspectives: traffic light big pole:Pioneer 3-AT:cctv_camera;1;0.598437;0;0
renderingDevicePerspectives: traffic light big pole:cctv_robot:cctv_camera;1;0.598437;0;0
renderingDevicePerspectives: vehicle:camera;1;1;0;0
renderingDevicePerspectives: vehicle:moving_car_camera;1;0.598437;0;0
